wp0 [0,0,0]
wp1 [-2.5,2.5,0]
wp2 [2.5,2.5,0]
wp3 [-2.5,-2.5,0]
wp4 [2.5,-2.5,0]
wp5 [3,0,0]
wp6 [-0.76,-2.28,0]
wp7 [-2.76,0.73,0]
wp8 [2.9,-1.41,0]
wp9 [0.95,-1.59,0]
wp10 [0.78,2.1,0]
wp11 [0.79,1.57,0]
wp12 [-1.18,-0.61,0]
wp13 [-2.38,1.59,0]
wp14 [-0.12,-2.89,0]
wp15 [0.47,1.23,0]
wp16 [1.52,2.76,0]
wp17 [1.68,-0.62,0]
wp18 [0.74,0.12,0]
wp19 [1.05,1.68,0]
wp20 [1.04,2.57,0]
wp21 [0.64,2.01,0]
wp22 [1.95,1.07,0]
wp23 [0.61,2.75,0]
wp24 [-0.96,1.46,0]
wp25 [1,1.07,0]
wp26 [-0.02,-1.7,0]
wp27 [1.77,0.13,0]
wp28 [1.21,-2.1,0]
wp29 [-2.65,0.35,0]